period,order_quantity
1,248
2,253
3,155
4,4
5,175
6,74
7,176
8,150
9,9
10,177
11,0
12,0
13,0
14,0
15,73
16,354
17,360
18,0
19,0
20,0
21,0
22,0
23,0
24,0
25,0
26,0
27,0
28,0
29,0
30,0
31,0
32,0
33,0
34,0
35,200
36,0
37,0
38,0
39,300
40,0
41,0
42,0
43,0
44,0
45,0
46,0
47,0
