period,order_quantity
1,500
2,120
3,100
4,123
5,120
6,110
7,100
8,100
9,60
10,100
11,0
12,100
13,0
14,0
15,0
16,0
17,110
18,160
19,200
20,220
21,220
22,200
23,200
24,200
25,200
26,180
27,170
28,180
29,200
30,200
31,180
32,170
33,170
34,170
35,160
36,150
37,140
38,120
39,120
40,140
41,150
42,160
43,180
44,200
45,170
46,0
47,0
48,0
49,0
50,180
