period,order_quantity
1,211
2,217
3,215
4,159
5,178
6,175
7,193
8,202
9,168
10,169
11,187
12,186
13,156
14,175
15,161
16,162
17,124
18,95
19,116
20,161
21,183
22,160
23,115
24,123
25,58
26,151
27,107
28,75
29,56
30,86
31,128
32,106
33,86
34,122
35,96
36,81
37,114
38,101
39,66
40,116
41,34
42,111
43,101
44,59
45,57
46,20
47,61
48,64
49,69
50,53
