period,order_quantity
1,122
2,74
3,131
4,83
5,150
6,160
7,50
8,163
9,105
10,91
11,83
12,46
13,83
14,67
15,107
16,106
17,31
18,0
19,0
20,0
21,0
22,40
23,55
24,33
25,26
26,31
27,27
28,39
29,40
30,25
31,34
32,32
33,35
34,2
35,31
36,44
37,0
38,35
39,0
40,20
41,0
42,50
43,20
44,30
45,40
46,29
47,100
48,0
49,0
50,46
