period,order_quantity
1,375
2,75
3,50
4,50
5,75
6,50
7,75
8,25
9,25
10,0
11,0
12,0
13,0
14,0
15,0
16,0
17,0
18,0
19,0
20,0
21,0
22,0
23,0
24,30
25,30
26,30
27,110
28,120
29,120
30,100
31,120
32,100
33,100
34,50
35,30
36,40
37,20
38,0
39,0
40,0
41,0
42,0
43,30
44,0
45,0
46,0
47,0
