period,order_quantity
1,500
2,500
3,120
4,0
5,550
6,0
7,0
8,0
9,0
10,0
11,0
12,0
13,0
14,0
15,0
16,0
17,0
18,0
19,0
20,0
21,250
22,200
23,0
24,0
25,100
26,0
27,0
28,200
29,250
30,200
31,250
32,100
33,100
34,0
35,300
36,0
37,200
38,0
39,0
40,0
41,150
42,0
43,200
44,0
45,0
46,0
47,0
48,0
49,0
50,0
