period,order_quantity
1,150
2,150
3,150
4,150
5,120
6,120
7,120
8,120
9,140
10,160
11,170
12,170
13,150
14,160
15,0
16,0
17,150
18,170
19,170
20,170
21,170
22,170
23,170
24,0
25,0
26,150
27,0
28,140
29,160
30,170
31,150
32,150
33,150
34,120
35,120
36,120
37,0
38,0
39,150
40,150
41,150
42,150
43,150
44,150
45,0
46,150
47,150
48,150
49,150
50,150
