period,order_quantity
1,400
2,186
3,155
4,0
5,0
6,0
7,0
8,214
9,216
10,300
11,120
12,0
13,0
14,100
15,100
16,150
17,154
18,0
19,50
20,50
21,0
22,0
23,0
24,0
25,0
26,0
27,0
28,100
29,185
30,183
31,136
32,0
33,120
34,197
35,180
36,280
37,150
38,120
39,150
40,250
41,150
42,0
43,200
44,55
45,75
46,230
47,158
