period,order_quantity
1,68
2,70
3,88
4,175
5,122
6,142
7,171
8,212
9,232
10,223
11,292
12,322
13,274
14,269
15,190
16,210
17,283
18,220
19,223
20,286
21,223
22,244
23,161
24,234
25,33
26,89
27,118
28,155
29,0
30,59
31,91
32,80
33,69
34,105
35,45
36,31
37,54
38,41
39,69
40,41
41,24
42,43
43,61
44,20
45,16
46,23
47,22
