period,order_quantity
1,125
2,88
3,113
4,97
5,130
6,122
7,58
8,145
9,105
10,142
11,160
12,77
13,67
14,66
15,62
16,130
17,67
18,82
19,50
20,29
21,36
22,20
23,51
24,38
25,33
26,33
27,49
28,59
29,31
30,56
31,22
32,75
33,36
34,31
35,25
36,55
37,71
38,63
39,95
40,49
41,63
42,36
43,59
44,38
45,52
46,47
47,0
48,79
49,72
50,29
