period,order_quantity
1,700.0
2,300.0
3,200.0
4,250.0
5,300.0
6,0.0
7,0.0
8,450.0
9,250.0
10,200.0
11,0.0
12,0.0
13,0.0
14,0.0
15,0.0
16,400.0
17,350.0
18,300.0
19,250.0
20,250.0
21,200.0
22,0.0
23,350.0
24,250.0
25,200.0
26,200.0
27,150.0
28,150.0
29,200.0
30,200.0
31,150.0
32,150.0
33,200.0
34,250.0
35,200.0
36,150.0
37,0.0
38,0.0
39,0.0
40,0.0
41,0.0
42,0.0
43,0.0
44,0.0
45,0.0
46,0.0
47,0.0
