period,order_quantity
1,177
2,192
3,120
4,81
5,78
6,91
7,40
8,40
9,78
10,106
11,56
12,20
13,0
14,100
15,84
16,40
17,59
18,41
19,37
20,15
21,50
22,16
23,41
24,31
25,53
26,22
27,75
28,40
29,35
30,10
31,41
32,40
33,25
34,40
35,10
36,25
37,44
38,80
39,34
40,0
41,0
42,0
43,15
44,50
45,31
46,42
47,20
48,0
49,25
50,15
