period,order_quantity
1,151
2,153
3,159
4,154
5,0
6,120
7,103
8,61
9,138
10,105
11,114
12,85
13,144
14,71
15,105
16,124
17,33
18,81
19,133
20,33
21,138
22,163
23,137
24,56
25,0
26,155
27,12
28,37
29,88
30,33
31,171
32,119
33,139
34,131
35,43
36,133
37,83
38,179
39,25
40,78
41,53
42,80
43,6
44,40
45,0
46,180
47,0
48,0
49,0
50,0
