period,order_quantity
1,154
2,147
3,19
4,0
5,140
6,126
7,0
8,5
9,87
10,50
11,0
12,0
13,129
14,5
15,0
16,0
17,64
18,43
19,48
20,0
21,21
22,0
23,0
24,0
25,0
26,0
27,0
28,0
29,0
30,27
31,0
32,62
33,0
34,0
35,0
36,0
37,0
38,0
39,0
40,17
41,0
42,0
43,0
44,0
45,0
46,0
47,0
48,0
49,0
50,0
