period,order_quantity
1,80
2,100
3,35
4,21
5,140
6,127
7,40
8,40
9,120
10,105
11,44
12,47
13,0
14,0
15,0
16,80
17,130
18,106
19,36
20,52
21,101
22,60
23,80
24,99
25,47
26,28
27,14
28,53
29,65
30,24
31,16
32,36
33,45
34,70
35,31
36,25
37,0
38,0
39,0
40,0
41,0
42,0
43,12
44,15
45,60
46,100
47,120
