period,order_quantity
1,142
2,143
3,87
4,100
5,80
6,60
7,100
8,100
9,0
10,110
11,110
12,100
13,100
14,100
15,100
16,125
17,125
18,100
19,125
20,125
21,0
22,125
23,125
24,75
25,125
26,125
27,230
28,180
29,210
30,100
31,100
32,100
33,100
34,100
35,0
36,100
37,100
38,216
39,0
40,224
41,150
42,100
43,150
44,150
45,150
46,0
47,0
48,0
49,0
50,150
