period,order_quantity
1,300
2,0
3,0
4,0
5,0
6,252
7,246
8,0
9,30
10,0
11,0
12,0
13,0
14,300
15,300
16,0
17,0
18,50
19,14
20,0
21,0
22,0
23,0
24,0
25,0
26,0
27,0
28,0
29,0
30,0
31,0
32,0
33,0
34,0
35,285
36,300
37,0
38,0
39,0
40,0
41,110
42,150
43,0
44,0
45,0
46,0
47,0
48,0
49,300
50,300
