period,order_quantity
1,63
2,73
3,101
4,71
5,9
6,56
7,74
8,81
9,75
10,39
11,23
12,96
13,97
14,40
15,60
16,32
17,87
18,59
19,71
20,83
21,34
22,64
23,48
24,46
25,65
26,38
27,39
28,30
29,36
30,30
31,36
32,60
33,32
34,41
35,38
36,44
37,42
38,86
39,46
40,36
41,33
42,38
43,90
44,46
45,34
46,45
47,61
