period,order_quantity
1,102
2,106
3,80
4,66
5,100
6,101
7,70
8,52
9,100
10,101
11,88
12,95
13,83
14,41
15,99
16,101
17,105
18,162
19,171
20,176
21,179
22,187
23,183
24,183
25,169
26,188
27,144
28,188
29,184
30,191
31,192
32,194
33,159
34,188
35,196
36,199
37,152
38,212
39,213
40,216
41,171
42,187
43,148
44,118
45,184
46,212
47,149
48,211
49,193
50,211
