period,order_quantity
1,176
2,176
3,105
4,119
5,45
6,114
7,98
8,87
9,121
10,108
11,0
12,0
13,74
14,50
15,94
16,0
17,187
18,89
19,373
20,171
21,0
22,0
23,0
24,12
25,0
26,92
27,0
28,0
29,0
30,0
31,0
32,2
33,0
34,0
35,0
36,0
37,0
38,0
39,0
40,0
41,0
42,0
43,0
44,0
45,0
46,0
47,0
48,0
49,0
50,0
