period,order_quantity
1,217
2,227
3,218
4,42
5,0
6,5
7,0
8,0
9,120
10,146
11,49
12,76
13,26
14,40
15,30
16,0
17,0
18,0
19,0
20,0
21,55
22,50
23,40
24,50
25,30
26,40
27,0
28,0
29,40
30,40
31,50
32,40
33,40
34,20
35,40
36,100
37,70
38,66
39,41
40,14
41,20
42,53
43,0
44,0
45,0
46,0
47,0
48,0
49,0
50,131
