period,order_quantity
1,106
2,147
3,178
4,104
5,117
6,85
7,139
8,166
9,58
10,131
11,69
12,103
13,113
14,124
15,42
16,33
17,0
18,37
19,21
20,1
21,0
22,0
23,13
24,11
25,0
26,15
27,45
28,79
29,33
30,52
31,147
32,203
33,215
34,344
35,278
36,317
37,215
38,324
39,262
40,261
41,325
42,255
43,355
44,39
45,319
46,475
47,449
